{
    "avg_error": 109.62380944018301,
    "breakdance-flare_impressionist_1": 118.79507897656276,
    "breakdance-flare_pixelart_0": 116.6382364672861,
    "breakdance_impressionist_0": 91.43545101098925,
    "breakdance_pixelart_1": 78.95990092673527,
    "dancing_impressionist_1": 109.87239839490717,
    "dancing_ukiyoe_1": 109.59459096382547,
    "dog-agility_edit_1canny": 119.12904744243298,
    "dog-agility_edit_2canny": 119.141652940073,
    "dog-agility_oilpainting_1": 120.4850135609514,
    "dog-agility_pixelart_1": 115.9020946245298,
    "dog-agility_ukiyoe_1": 119.34700260827115,
    "dogs-jump_edit_1canny": 96.89743606808788,
    "dogs-jump_edit_2canny": 96.42836327704495,
    "dogs-jump_edit_5canny": 95.66472292706125,
    "elephant_pixelart_0": 108.43421071084643,
    "flamingo_pixelart_1": 111.50567330274725,
    "flamingo_ukiyoe_0": 113.02165397259817,
    "gold-fish_chineseink_0": 103.80985393092726,
    "gold-fish_edit_4depth": 105.49918101602512,
    "gold-fish_oilpainting_1": 103.45237556141446,
    "gold-fish_pixelart_1": 95.76030311651388,
    "gold-fish_ukiyoe_1": 101.3350968910102,
    "guitar-violin_chineseink_0": 117.51601736508366,
    "guitar-violin_impressionist_1": 116.89690933330442,
    "guitar-violin_pixelart_1": 112.18693918467528,
    "guitar-violin_sketch_1": 116.27356329123351,
    "guitar-violin_ukiyoe_0": 116.65801301786043,
    "lindy-hop_pixelart_0": 107.42651731437188,
    "mallard-water_chineseink_1": 120.94505978122599,
    "mallard-water_edit_0canny": 121.39876404964065,
    "mallard-water_edit_1canny": 121.54662286113366,
    "mallard-water_impressionist_0": 121.76214379773847,
    "pigs_chineseink_0": 120.0100762606771,
    "pigs_edit_0canny": 120.32536169198761,
    "pigs_pixelart_0": 105.8771296722747,
    "salsa_oilpainting_1": 114.14551185569889,
    "salsa_ukiyoe_0": 115.30863313553236,
    "sheep_edit_0depth": 100.9634675848253,
    "sheep_impressionist_1": 99.77335813909717,
    "sheep_pixelart_0": 72.27326097924187,
    "soccerball_oilpainting_0": 118.0283218421173,
    "soccerball_pixelart_1": 109.13833361053116,
    "tennis-vest_ukiyoe_0": 108.82670088516468,
    "tennis_ukiyoe_0": 115.05757102379583
}